3.000000 -9755382482021072242072515567333556970315795399599740310775660544.000000
7.350000 -9755382482021072242072515567333556970315795399599740310775660544.000000
11.700000 -9755382482021072242072515567333556970315795399599740310775660544.000000
16.050000 -9755382482021072242072515567333556970315795399599740310775660544.000000
20.400000 -9755382482021072242072515567333556970315795399599740310775660544.000000
24.750000 -9755382482021072242072515567333556970315795399599740310775660544.000000
29.100000 -9755382482021072242072515567333556970315795399599740310775660544.000000
33.450000 -9755382482021072242072515567333556970315795399599740310775660544.000000
37.800000 -9755382482021072242072515567333556970315795399599740310775660544.000000
42.150000 -9755382482021072242072515567333556970315795399599740310775660544.000000
46.500000 -9755382482021072242072515567333556970315795399599740310775660544.000000
50.850000 -9755382482021072242072515567333556970315795399599740310775660544.000000
55.200000 -9755382482021072242072515567333556970315795399599740310775660544.000000
59.550000 -9755382482021072242072515567333556970315795399599740310775660544.000000
63.900000 -9755382482021072242072515567333556970315795399599740310775660544.000000
68.250000 -9755382482021072242072515567333556970315795399599740310775660544.000000
72.600000 -9755382482019166443937436069928219365293933366542108974739619840.000000
76.950000 -9755382479153810639858510368226475844403028394657552492012765184.000000
81.300000 -9755378169547914096060945876633563151010383590224879343391211520.000000
85.650000 -9748896356435898921219021403798785614534761743216351409218781184.000000
90.000000 0.000000
