2.000000 0.000000
2.300000 0.402635
2.600000 0.659367
2.900000 0.823066
3.200000 0.927446
3.500000 0.994001
3.800000 1.036438
4.100000 1.063498
4.400000 1.080752
4.700000 1.091754
5.000000 1.098769
5.300000 1.103242
5.600000 1.106095
5.900000 1.107915
6.200000 1.109076
6.500000 1.109819
6.800000 1.110295
7.100000 1.110604
7.400000 1.110807
7.700000 1.110949
8.000000 1.111056
8.300000 1.111153
8.600000 1.111258
8.900000 1.111393
9.200000 1.111586
9.500000 1.111877
9.800000 1.112326
10.100000 1.113025
10.400000 1.114118
10.700000 1.115831
11.000000 1.118516
11.300000 1.122725
11.600000 1.129326
11.900000 1.139679
12.200000 1.155915
12.500000 1.181377
12.800000 1.221310
13.100000 1.283938
13.400000 1.382157
13.700000 1.536196
14.000000 1.777778
