3.000000 374069006577850560.000000
7.350000 374069006577850688.000000
11.700000 374069006577850880.000000
16.050000 374069006577851136.000000
20.400000 374069006577851328.000000
24.750000 374069006577851520.000000
29.100000 374069006577851712.000000
33.450000 374069006577851904.000000
37.800000 374069006577852096.000000
42.150000 374069006577852608.000000
46.500000 374069006577844608.000000
50.850000 374069006578034752.000000
55.200000 374069006573601536.000000
59.550000 374069006677065472.000000
63.900000 374069004262476096.000000
68.250000 374069060613045056.000000
72.600000 374067745529603008.000000
76.950000 374098436337111680.000000
81.300000 373382188504245184.000000
85.650000 390097648269975616.000000
90.000000 10.000000
