3.000000 -207515.992666
7.350000 -207522.234052
11.700000 -207507.413086
16.050000 -207529.503012
20.400000 -207486.908140
24.750000 -207557.670680
29.100000 -207429.779080
33.450000 -207650.020581
37.800000 -207260.173333
42.150000 -207939.481186
46.500000 -206745.139292
50.850000 -208834.290478
55.200000 -205169.256911
59.550000 -211588.192265
63.900000 -200335.392430
68.250000 -220051.571875
72.600000 -185495.906058
76.950000 -246049.386770
81.300000 -139928.052765
85.650000 -325897.383798
90.000000 10.000000
