3.000000 10.000000
3.275000 3.433544
3.550000 1.297055
3.825000 0.601918
4.100000 0.375745
4.375000 0.302157
4.650000 0.278214
4.925000 0.270424
5.200000 0.267889
5.475000 0.267064
5.750000 0.266796
6.025000 0.266709
6.300000 0.266680
6.575000 0.266671
6.850000 0.266668
7.125000 0.266667
7.400000 0.266667
7.675000 0.266667
7.950000 0.266667
8.225000 0.266667
8.500000 0.266667
8.775000 0.266667
9.050000 0.266667
9.325000 0.266667
9.600000 0.266667
9.875000 0.266667
10.150000 0.266667
10.425000 0.266667
10.700000 0.266667
10.975000 0.266668
11.250000 0.266670
11.525000 0.266677
11.800000 0.266698
12.075000 0.266762
12.350000 0.266959
12.625000 0.267567
12.900000 0.269432
13.175000 0.275167
13.450000 0.292793
13.725000 0.346966
14.000000 0.513464
